7.897787806617083683e-01 7.870945183524040711e-01 1.576873299014112551e+00 1.199999999999999956e+00 -1.439221383456807057e+00 2.512812812372128279e-01
7.966777826807606155e-01 7.823444852606410427e-01 1.579022267941401658e+00 1.199999999999999956e+00 -1.429620541496942732e+00 2.551116549847970427e-01
8.032222703491814775e-01 7.773487758409798332e-01 1.580571046190161422e+00 1.199999999999999956e+00 -1.418999613842239604e+00 2.589817042257006596e-01
8.098446843750360946e-01 7.722316805823348229e-01 1.582076364957370807e+00 1.199999999999999956e+00 -1.408184580986233669e+00 2.628912734935294759e-01
8.166455385531482536e-01 7.670238627155729905e-01 1.583669401268721355e+00 1.199999999999999956e+00 -1.397355419637067442e+00 2.668401922038806662e-01
8.236307603443812075e-01 7.617287459926831428e-01 1.585359506337064239e+00 1.199999999999999956e+00 -1.386514070791648567e+00 2.708282744755894922e-01
8.308065356035345683e-01 7.563498721330340624e-01 1.587156407736568742e+00 1.199999999999999956e+00 -1.375662487676557078e+00 2.748553189571024125e-01
8.381793227868914453e-01 7.508908897647339487e-01 1.589070212551625394e+00 1.199999999999999956e+00 -1.364802634762094513e+00 2.789211086581715460e-01
8.457558681006598356e-01 7.453555433255290019e-01 1.591111411426188837e+00 1.199999999999999956e+00 -1.353936486761711855e+00 2.830254107870624480e-01
8.535432216635862046e-01 7.395492621663137811e-01 1.593092483829900097e+00 1.199999999999999956e+00 -1.343066027617626279e+00 2.873960679874753565e-01
8.615487547636127008e-01 7.335607819672036456e-01 1.595109536730816346e+00 1.199999999999999956e+00 -1.332193249473383023e+00 2.919367736644496447e-01
8.697801782957330641e-01 7.275070109221682957e-01 1.597287189217901471e+00 1.199999999999999956e+00 -1.321320151634230111e+00 2.965184462924147502e-01
8.782455624761937862e-01 7.213926759797111288e-01 1.599638238455904915e+00 1.199999999999999956e+00 -1.310448739516094196e+00 3.011407627334647397e-01
8.865787792659631794e-01 7.151070638323259177e-01 1.601685843098289208e+00 1.199999999999999956e+00 -1.299007962313774023e+00 3.058033819000183229e-01
8.946872958587377411e-01 7.086239094619880552e-01 1.603311205320725907e+00 1.199999999999999956e+00 -1.286880284727459856e+00 3.105059446182916183e-01
9.030156292359011738e-01 7.020829244815800507e-01 1.605098553717481114e+00 1.199999999999999956e+00 -1.274749686068314958e+00 3.152480734991978673e-01
9.115712202414788523e-01 6.954890697167079860e-01 1.607060289958186949e+00 1.199999999999999956e+00 -1.262618291996139064e+00 3.200293728168674967e-01
9.203618394021148008e-01 6.888472967747373277e-01 1.609209136176852128e+00 1.199999999999999956e+00 -1.250488233852787179e+00 3.248494283949857619e-01
9.293956052371826759e-01 6.821625366780985633e-01 1.611558141915281350e+00 1.199999999999999956e+00 -1.238361647590269232e+00 3.297078075011364851e-01
9.386810037912490801e-01 6.754396890777263351e-01 1.614120692868975304e+00 1.199999999999999956e+00 -1.226240672691752298e+00 3.346040587493454010e-01
9.482269094847541879e-01 6.686836120599228828e-01 1.616910521544677071e+00 1.199999999999999956e+00 -1.214127451086415732e+00 3.395377120110033564e-01
9.580426073874829251e-01 6.618991125557063260e-01 1.619941719943189362e+00 1.199999999999999956e+00 -1.202024126059045628e+00 3.445082783343564325e-01
9.681378170289757223e-01 6.550909373578447381e-01 1.623228754386820460e+00 1.199999999999999956e+00 -1.189932841155449950e+00 3.495152498727365220e-01
9.784398545833266070e-01 6.482387921648757878e-01 1.626678646748202395e+00 1.199999999999999956e+00 -1.177750226358379670e+00 3.545580998217132129e-01
9.880896928298787962e-01 6.410876914188784470e-01 1.629177384248757132e+00 1.199999999999999956e+00 -1.164400148322667139e+00 3.596362823653295182e-01
9.979998290981769715e-01 6.339167271313600471e-01 1.631916556229537019e+00 1.199999999999999956e+00 -1.151059704449351351e+00 3.647492326315984190e-01
1.008179056988924627e+00 6.267306642625918300e-01 1.634909721251516457e+00 1.199999999999999956e+00 -1.137731176594310334e+00 3.698963666574109910e-01
1.018636555903524865e+00 6.195155920111554693e-01 1.638152147914680334e+00 1.199999999999999956e+00 -1.124416846226053757e+00 3.751019610623750333e-01
1.029381912080713501e+00 6.121132292186621804e-01 1.641495141299375682e+00 1.199999999999999956e+00 -1.111118993330713511e+00 3.805876463877397864e-01
1.040425141005324683e+00 6.047142953383315422e-01 1.645139436343656225e+00 1.199999999999999956e+00 -1.097839895317379355e+00 3.861073349061099891e-01
1.051776711293994859e+00 5.973234316755198225e-01 1.649100142969514682e+00 1.199999999999999956e+00 -1.084581825924784582e+00 3.916603316733822115e-01
1.063447570171872192e+00 5.899451431785955879e-01 1.653392713350467780e+00 1.199999999999999956e+00 -1.071347054130343146e+00 3.972459216279355387e-01
1.075449170664506626e+00 5.825837947867696931e-01 1.658032965451276208e+00 1.199999999999999956e+00 -1.058137843062632033e+00 4.028633696164563571e-01
1.087288866305083257e+00 5.751033867516084364e-01 1.662392253056691693e+00 1.199999999999999956e+00 -1.044427407638591099e+00 4.085119204307162133e-01
1.098722712963182246e+00 5.674431177165071283e-01 1.666165830679689375e+00 1.199999999999999956e+00 -1.029989602753026645e+00 4.141907988554314191e-01
1.110460963429396930e+00 5.598043794835256826e-01 1.670265342912922613e+00 1.199999999999999956e+00 -1.015577411892773618e+00 4.198992097273206436e-01
1.122513716585208376e+00 5.521913543986756157e-01 1.674705070983883992e+00 1.199999999999999956e+00 -1.001193248655903645e+00 4.256363380054759005e-01
1.134891499953553540e+00 5.446080754757394171e-01 1.679499575429292957e+00 1.199999999999999956e+00 -9.868395199249828664e-01 4.314013488531507901e-01
1.147605291974172159e+00 5.370584249481007433e-01 1.684663716922272902e+00 1.199999999999999956e+00 -9.725186248001582712e-01 4.371933877310659189e-01
1.160666545647393688e+00 5.295461333093391953e-01 1.690212678956732884e+00 1.199999999999999956e+00 -9.582329535401719056e-01 4.430115805023224773e-01
1.174087213643856931e+00 5.220747788129012079e-01 1.696161992456758139e+00 1.199999999999999956e+00 -9.439848865122657529e-01 4.488550335490102405e-01
1.187879774985586501e+00 5.146477874014786513e-01 1.702527562387065263e+00 1.199999999999999956e+00 -9.297767931519125284e-01 4.547228339005820463e-01
1.201734122023876195e+00 5.071879726489976203e-01 1.708922094672873815e+00 1.199999999999999956e+00 -9.153279567491097168e-01 4.606140493740692454e-01
1.214839262744021209e+00 4.995005411378629079e-01 1.714339803881884006e+00 1.199999999999999956e+00 -8.999539360048451897e-01 4.665277287261961336e-01
1.228282603689338837e+00 4.918169777146946808e-01 1.720099581404033628e+00 1.199999999999999956e+00 -8.846223675211160042e-01 4.725452637962069824e-01
1.242074817089089622e+00 4.841466423223307336e-01 1.726221459411420245e+00 1.199999999999999956e+00 -8.693357763456308618e-01 4.786600462134429912e-01
1.256226993847429307e+00 4.765346615891309923e-01 1.732761655436560355e+00 1.199999999999999956e+00 -8.540966755015162448e-01 4.847948469888432310e-01
1.270750663003661574e+00 4.689839367666767678e-01 1.739734599770338397e+00 1.199999999999999956e+00 -8.389075649840691540e-01 4.909486129967695067e-01
1.285657812222571028e+00 4.614972108268452500e-01 1.747155023049416389e+00 1.199999999999999956e+00 -8.237709307714409235e-01 4.971202725078499585e-01
1.300960909375216357e+00 4.540770710142636446e-01 1.755037980389480001e+00 1.199999999999999956e+00 -8.086892438501864788e-01 5.033087354193064300e-01
1.316672925274532169e+00 4.467259516291793853e-01 1.763398876903711443e+00 1.199999999999999956e+00 -7.936649592565103717e-01 5.095128934977032342e-01
1.332226180812236649e+00 4.393198901106805665e-01 1.771546070922917160e+00 1.199999999999999956e+00 -7.782764566000635043e-01 5.157316206341069353e-01
1.347100543826953878e+00 4.317545713385442796e-01 1.778855115165498102e+00 1.199999999999999956e+00 -7.621749224222549302e-01 5.219637731116427704e-01
1.362341073968100336e+00 4.242614222157559123e-01 1.786602496183856248e+00 1.199999999999999956e+00 -7.461356904336069462e-01 5.282081898854160684e-01
1.377958394426683109e+00 4.168426406900252457e-01 1.794801035116708299e+00 1.199999999999999956e+00 -7.301613693418369522e-01 5.344636928747769078e-01
1.393963489128754896e+00 4.095002807391036614e-01 1.803463769867858613e+00 1.199999999999999956e+00 -7.142545505955446572e-01 5.407290872678667260e-01
1.410367715873784622e+00 4.022362557750459033e-01 1.812603971648830470e+00 1.199999999999999956e+00 -6.984178074762272814e-01 5.470031618384080252e-01
1.427182819913316081e+00 3.950523421694582815e-01 1.822235162082774362e+00 1.199999999999999956e+00 -6.826536942093071048e-01 5.532846892746644540e-01
1.444420947976273739e+00 3.879501828810714148e-01 1.832371130857345154e+00 1.199999999999999956e+00 -6.669647450948854583e-01 5.595724265205000991e-01
1.462094662746172835e+00 3.809312911681357328e-01 1.843025953914308568e+00 1.199999999999999956e+00 -6.513534736589239316e-01 5.658651151284569414e-01
1.479004579154786336e+00 3.737543739230683171e-01 1.852758953077854542e+00 1.199999999999999956e+00 -6.350856177094552635e-01 5.722110299343617923e-01
1.495658882997382477e+00 3.665407685359557410e-01 1.862199651533338329e+00 1.199999999999999956e+00 -6.185089785717599042e-01 5.785668425431950146e-01
1.512695503469032809e+00 3.594140627206687810e-01 1.872109566189701590e+00 1.199999999999999956e+00 -6.020172301170321205e-01 5.849237523827240937e-01
1.530124073846112820e+00 3.523755450406104162e-01 1.882499618886723347e+00 1.199999999999999956e+00 -5.856130304733948577e-01 5.912804312848433108e-01
1.547954469113558718e+00 3.454263842164937426e-01 1.893380853330052460e+00 1.199999999999999956e+00 -5.692990154897863420e-01 5.976355375103394874e-01
1.566196809214271291e+00 3.385676331382088122e-01 1.904764442352480103e+00 1.199999999999999956e+00 -5.530777979476599882e-01 6.039877161756120882e-01
1.584861461983589681e+00 3.318002328847966531e-01 1.916661694868386334e+00 1.199999999999999956e+00 -5.369519667954296693e-01 6.103355996906469905e-01
1.603959045720402710e+00 3.251250167414087011e-01 1.929084062461811300e+00 1.199999999999999956e+00 -5.209240864061488452e-01 6.166778082080967005e-01
1.623500431341517336e+00 3.185427142030547998e-01 1.942043145544572136e+00 1.199999999999999956e+00 -5.049966958589058308e-01 6.230129500832833900e-01
1.641461021862993919e+00 3.117319413916578297e-01 1.953192963254651637e+00 1.199999999999999956e+00 -4.881385377805189663e-01 6.293396223449463367e-01
1.659774144234327231e+00 3.050118919527516903e-01 1.964786036187078810e+00 1.199999999999999956e+00 -4.713773894781327911e-01 6.356564111765422576e-01
1.678466601895049370e+00 2.983863855633858142e-01 1.976852987458435074e+00 1.199999999999999956e+00 -4.547260553889866941e-01 6.419618924078944744e-01
1.697545814110022588e+00 2.918560006875299262e-01 1.989401814797552515e+00 1.199999999999999956e+00 -4.381872033298206404e-01 6.482546320169804144e-01
1.717019260406351444e+00 2.854212237452321554e-01 2.002440484151583711e+00 1.199999999999999956e+00 -4.217634741427795930e-01 6.545331866416381761e-01
1.736894471824956376e+00 2.790824529302950996e-01 2.015976924755251254e+00 1.199999999999999956e+00 -4.054574810419255826e-01 6.607961041009570158e-01
1.757179021174908540e+00 2.728410022009996050e-01 2.030020023375908256e+00 1.199999999999999956e+00 -3.892718089844802165e-01 6.670364551629169858e-01
1.777880512214669029e+00 2.666977984016560832e-01 2.044578310616325112e+00 1.199999999999999956e+00 -3.732090140671653344e-01 6.732479220836448119e-01
1.798519754544647187e+00 2.605842639158726382e-01 2.059104018460519825e+00 1.199999999999999956e+00 -3.570588221112345195e-01 6.794393985456651519e-01
1.817848276801560248e+00 2.543364146282539595e-01 2.072184691429814318e+00 1.199999999999999956e+00 -3.403011884461131231e-01 6.856094062494073604e-01
1.837522494246755400e+00 2.481860208680383151e-01 2.085708515114793826e+00 1.199999999999999956e+00 -3.236774485904989618e-01 6.917564608355170064e-01
1.857546416519114230e+00 2.421332167202098207e-01 2.099679633239324161e+00 1.199999999999999956e+00 -3.071902666160220008e-01 6.978790724575663074e-01
1.877923908575600098e+00 2.361780663314689832e-01 2.114101974907069081e+00 1.199999999999999956e+00 -2.908422758530733176e-01 7.039757463625661016e-01
1.898658672439508921e+00 2.303205673038145607e-01 2.128979239743323593e+00 1.199999999999999956e+00 -2.746360783512411530e-01 7.100449834789821502e-01
1.919754227741126806e+00 2.245606540196529721e-01 2.144314881760779556e+00 1.199999999999999956e+00 -2.585742443648744171e-01 7.160852810119403555e-01
1.941213891000089342e+00 2.188982008957772729e-01 2.160112091895866726e+00 1.199999999999999956e+00 -2.426593118636306556e-01 7.220951330453140304e-01
1.963040753599604615e+00 2.133330255640867312e-01 2.176373779163691236e+00 1.199999999999999956e+00 -2.268937860682109786e-01 7.280730311503623708e-01
1.984819375427889332e+00 2.078160516959668414e-01 2.192635427123856395e+00 1.199999999999999956e+00 -2.111247574063037646e-01 7.340174650005923951e-01
2.005059684053306146e+00 2.021795451672407928e-01 2.207239229220546939e+00 1.199999999999999956e+00 -1.948218450527408052e-01 7.399269229925055091e-01
2.025588193664108694e+00 1.966411990484946415e-01 2.222229392712603335e+00 1.199999999999999956e+00 -1.786808630306131462e-01 7.457998928718811982e-01
2.046404439164610789e+00 1.912007667398701871e-01 2.237605205904480865e+00 1.199999999999999956e+00 -1.627043973027877399e-01 7.516348623652504557e-01
2.067507599108278527e+00 1.858579540675372455e-01 2.253365553175815883e+00 1.199999999999999956e+00 -1.468949990495369562e-01 7.574303198161920214e-01
2.088896472297522511e+00 1.806126096492474131e-01 2.269509081946770035e+00 1.199999999999999956e+00 -1.312551842624367637e-01 7.631812846367290737e-01
2.110569453537243234e+00 1.754665897499895211e-01 2.286036043287232644e+00 1.199999999999999956e+00 -1.157874333621755625e-01 7.688374734392290355e-01
2.132524508561309151e+00 1.704163014999567904e-01 2.302940810061266053e+00 1.199999999999999956e+00 -1.004941908401013606e-01 7.744500549062435235e-01
2.154759148158238879e+00 1.654613242648186322e-01 2.320220472423057512e+00 1.199999999999999956e+00 -8.537786492326127075e-02 7.800175409542861038e-01
2.177270401530149169e+00 1.606012026568834905e-01 2.337871604187032659e+00 1.199999999999999956e+00 -7.044082726275568973e-02 7.855384473202124962e-01
2.198581608129788645e+00 1.556904286876359400e-01 2.354272036817424585e+00 1.199999999999999956e+00 -5.522300886389164276e-02 7.910112942122057289e-01
2.219244670938033348e+00 1.507908158262445397e-01 2.370035486764277888e+00 1.199999999999999956e+00 -3.992495031675336037e-02 7.964346069628908120e-01
2.240099944594966530e+00 1.459868752137564174e-01 2.386086819808722836e+00 1.199999999999999956e+00 -2.481990565901526224e-02 8.018069166841926831e-01
2.261141425783258718e+00 1.412781293122047366e-01 2.402419555095463455e+00 1.199999999999999956e+00 -9.910293503692990669e-03 8.071267609235203144e-01
2.282362588396382730e+00 1.366640730679696825e-01 2.419026661464352301e+00 1.199999999999999956e+00 4.801506281017609012e-03 8.123926843208876258e-01
2.303756364052331307e+00 1.321441761049327868e-01 2.435900540157263983e+00 1.199999999999999956e+00 1.931315283793733073e-02 8.176032392665514292e-01
2.325315122828390368e+00 1.277178848484917806e-01 2.453033007676882260e+00 1.199999999999999956e+00 3.362234456630286417e-02 8.227569865587596176e-01
2.347030654322673549e+00 1.233846245812196818e-01 2.470415278903893341e+00 1.199999999999999956e+00 4.772681934650169211e-02 8.278524960611942651e-01
2.368894149157013462e+00 1.191438014309024185e-01 2.488037950587915770e+00 1.199999999999999956e+00 6.162435474477856445e-02 8.328883473596969678e-01
2.390896181044644742e+00 1.149948042919435309e-01 2.505890985336588273e+00 1.199999999999999956e+00 7.531276819810361900e-02 8.378631304178456585e-01
2.412623754468984583e+00 1.109029193317380146e-01 2.523526673800722708e+00 1.199999999999999956e+00 8.889913796747705987e-02 8.427754462309801076e-01
2.432597043297271888e+00 1.067472697451432584e-01 2.539344313042414925e+00 1.199999999999999956e+00 1.027670473200821277e-01 8.476239074782409011e-01
2.452628347000455289e+00 1.026843011515958803e-01 2.555312648152050947e+00 1.199999999999999956e+00 1.164114001042673152e-01 8.524071391722011226e-01
2.472706461597979022e+00 9.871341520719911777e-02 2.571419876805178362e+00 1.199999999999999956e+00 1.298300050027982877e-01 8.571237793056759591e-01
2.492819646210769680e+00 9.483259114017661418e-02 2.587652237350946294e+00 1.199999999999999956e+00 1.430207129122571530e-01 8.617451857838147600e-01
2.512955618937786628e+00 9.104032774128789640e-02 2.603995946679074525e+00 1.199999999999999956e+00 1.559814170996540739e-01 8.662606661628712290e-01
2.533101554211547590e+00 8.733781100469983905e-02 2.620439365216247651e+00 1.199999999999999956e+00 1.687100533422931647e-01 8.707065390017281192e-01
2.553244081757686690e+00 8.372444335986051200e-02 2.636968525117547202e+00 1.199999999999999956e+00 1.812046000515836752e-01 8.750815188151661594e-01
2.573369287284284379e+00 8.019962075294473358e-02 2.653568908037229335e+00 1.199999999999999956e+00 1.934630783812663068e-01 8.793843360493845962e-01
2.593462715027068377e+00 7.676273406906908292e-02 2.670225449096137460e+00 1.199999999999999956e+00 2.054835523204978642e-01 8.836137376942798660e-01
2.613509372275420795e+00 7.341317050165441227e-02 2.686922542777075318e+00 1.199999999999999956e+00 2.172641287726211345e-01 8.877684878900324872e-01
2.633493736002432861e+00 7.015031487019518508e-02 2.703644050872628046e+00 1.199999999999999956e+00 2.288029576198749027e-01 8.918473685275803975e-01
2.653339412617127913e+00 6.696918458550604747e-02 2.720308597202634182e+00 1.199999999999999956e+00 2.401123184986921899e-01 8.958491798425751718e-01
2.671143866730878003e+00 6.373489473111060288e-02 2.734878761461988717e+00 1.199999999999999956e+00 2.516239062535561288e-01 8.997727410024203287e-01
2.688821236538621040e+00 6.058852710404050157e-02 2.749409763642661542e+00 1.199999999999999956e+00 2.628791111024675331e-01 9.036168906859817218e-01
2.706356333255954816e+00 5.752950901570363929e-02 2.763885842271658344e+00 1.199999999999999956e+00 2.738761209599278601e-01 9.073804876555824350e-01
2.723733642963077184e+00 5.455726923233128467e-02 2.778290912195408247e+00 1.199999999999999956e+00 2.846131692847944095e-01 9.110624113208787289e-01
2.740937346750205617e+00 5.167123908607185179e-02 2.792608585836277690e+00 1.199999999999999956e+00 2.950885351396923539e-01 9.146615622942395607e-01
2.757951342901547420e+00 4.887085354111442292e-02 2.806822196442661621e+00 1.199999999999999956e+00 3.053005432394932939e-01 9.181768629372273338e-01
2.774759271135242678e+00 4.615555221584455303e-02 2.820914823351087009e+00 1.199999999999999956e+00 3.152475639899048332e-01 9.216072578978207197e-01
2.791344538904164008e+00 4.352478036231643976e-02 2.834869319266480225e+00 1.199999999999999956e+00 3.249280135162830874e-01 9.249517146379876431e-01
2.807690349750384229e+00 4.097798980403433156e-02 2.848668339554418338e+00 1.199999999999999956e+00 3.343403536837010748e-01 9.282092239512501619e-01
2.823779733692393545e+00 3.851463983327785279e-02 2.862294373525671176e+00 1.199999999999999956e+00 3.434830921084799371e-01 9.313788004698732026e-01
2.839595579609330844e+00 3.613419806901096987e-02 2.875729777678341925e+00 1.199999999999999956e+00 3.523547821619876785e-01 9.344594831613219910e-01
2.855120669572178915e+00 3.383614127648770786e-02 2.888956810848666734e+00 1.199999999999999956e+00 3.609540229671930334e-01 9.374503358136389020e-01
2.870337715055351513e+00 3.161995614961821133e-02 2.901957671204969724e+00 1.199999999999999956e+00 3.692794593885828647e-01 9.403504475093981130e-01
2.885229394946421166e+00 2.948514005716318387e-02 2.914714535003584572e+00 1.199999999999999956e+00 3.773297820159520199e-01 9.431589330878948907e-01
2.899778395254856367e+00 2.743120175376501102e-02 2.927209597008621600e+00 1.199999999999999956e+00 3.851037271426847042e-01 9.458749335952542081e-01
2.913967450403872395e+00 2.545766205681820882e-02 2.939425112460690492e+00 1.199999999999999956e+00 3.926000767390949164e-01 9.484976167221247367e-01
2.926838355245042322e+00 2.350621823249543496e-02 2.950344573477537757e+00 1.199999999999999956e+00 4.000059276743517245e-01 9.510261772286546789e-01
2.938901989681978577e+00 2.161014495070978647e-02 2.960512134632688586e+00 1.199999999999999956e+00 4.072105628404028010e-01 9.534598373564464602e-01
2.950585518949287778e+00 1.979565839177577224e-02 2.970381177341063328e+00 1.199999999999999956e+00 4.141237302416502786e-01 9.557922586666742770e-01
2.961875021785110196e+00 1.805894037884014924e-02 2.979933962163950234e+00 1.199999999999999956e+00 4.207443150545486787e-01 9.579976313914555508e-01
2.972756837878489655e+00 1.640384444513320883e-02 2.989160682323622975e+00 1.199999999999999956e+00 4.270712510840350973e-01 9.601075095865688747e-01
2.983217604991944771e+00 1.483000987639471191e-02 2.998047614868339483e+00 1.199999999999999956e+00 4.331035207572391244e-01 9.621212400102704398e-01
2.993244296154718320e+00 1.333708991991533477e-02 3.006581386074633766e+00 1.199999999999999956e+00 4.388401551141889456e-01 9.640381982820657170e-01
3.002824256752532506e+00 1.192475227256695192e-02 3.014749009025099458e+00 1.199999999999999956e+00 4.442802337958982051e-01 9.658577892053406000e-01
3.011945241333314982e+00 1.059267954007880874e-02 3.022537920873393791e+00 1.199999999999999956e+00 4.494228850303834122e-01 9.675794470753403820e-01
3.020595449944308619e+00 9.340569668250475743e-03 3.029936019612558873e+00 1.199999999999999956e+00 4.542672856168952222e-01 9.692026359722780704e-01
3.028763563812285842e+00 8.168136346672127956e-03 3.036931700158957970e+00 1.199999999999999956e+00 4.588126609089053787e-01 9.707268500393566590e-01
3.036438780176847096e+00 7.075109385610622859e-03 3.043513889562457830e+00 1.199999999999999956e+00 4.630582847960083015e-01 9.721516137455017414e-01
3.043610846086750144e+00 6.061235066585179965e-03 3.049672081153335323e+00 1.199999999999999956e+00 4.670034796851956216e-01 9.734764821326138406e-01
3.050270090970128578e+00 5.126276467125601144e-03 3.055396367437253957e+00 1.199999999999999956e+00 4.706476164819486385e-01 9.747010410471693698e-01
3.056407457792415627e+00 4.270013760287127980e-03 3.060677471552702755e+00 1.199999999999999956e+00 4.739901145712011044e-01 9.758249073559842612e-01
3.062014532620446872e+00 3.492244489303408805e-03 3.065506777109750391e+00 1.199999999999999956e+00 4.770304417987158985e-01 9.768477291459984890e-01
3.067083572417328874e+00 2.792783817858635054e-03 3.069876356235187398e+00 1.199999999999999956e+00 4.797681144529803987e-01 9.777691859079297165e-01
3.071607530900141825e+00 2.171464756342444957e-03 3.073778995656484270e+00 1.199999999999999956e+00 4.822026972479562801e-01 9.785889887036578472e-01
3.075580082302366236e+00 1.628138364458076026e-03 3.077208220666824090e+00 1.199999999999999956e+00 4.843338033068782522e-01 9.793068803172295667e-01
3.078995642893558315e+00 1.162673930493851593e-03 3.080158316824052278e+00 1.199999999999999956e+00 4.861610941473433201e-01 9.799226353893550900e-01
3.081849390121082166e+00 7.749591275741929408e-04 3.082624349248656248e+00 1.199999999999999956e+00 4.876842796677944847e-01 9.804360605353175107e-01
3.084137279252639807e+00 4.649001470823366233e-04 3.084602179399722033e+00 1.199999999999999956e+00 4.889031181357479383e-01 9.808469944461946088e-01
3.085856057413001619e+00 2.324218095653973748e-04 3.086088479222567127e+00 1.199999999999999956e+00 4.898174161775976643e-01 9.811553079733251748e-01
3.087003274924567719e+00 7.746765319027737462e-05 3.087080742577757775e+00 1.199999999999999956e+00 4.904270287704912690e-01 9.813609041959566737e-01
3.087577293878160045e+00 0.000000000000000000e+00 3.087577293878160045e+00 1.199999999999999956e+00 4.907318592360123688e-01 9.814637184720247376e-01
3.087577293878160045e+00 0.000000000000000000e+00 3.087577293878160045e+00 1.199999999999999956e+00 4.907318592360123688e-01 9.814637184720247376e-01
3.087003274924567719e+00 7.746765319027737462e-05 3.087080742577757775e+00 1.199999999999999956e+00 4.904270287704912690e-01 9.813609041959566737e-01
3.085856057413001619e+00 2.324218095653973748e-04 3.086088479222567127e+00 1.199999999999999956e+00 4.898174161775976643e-01 9.811553079733251748e-01
3.084137279252639807e+00 4.649001470833358240e-04 3.084602179399722921e+00 1.199999999999999956e+00 4.889031181357443856e-01 9.808469944461941648e-01
3.081849390121082166e+00 7.749591275741929408e-04 3.082624349248656248e+00 1.199999999999999956e+00 4.876842796677944847e-01 9.804360605353175107e-01
3.078995642893558315e+00 1.162673930493851593e-03 3.080158316824052278e+00 1.199999999999999956e+00 4.861610941473433201e-01 9.799226353893550900e-01
3.075580082302366236e+00 1.628138364458076026e-03 3.077208220666824090e+00 1.199999999999999956e+00 4.843338033068782522e-01 9.793068803172295667e-01
3.071607530900141825e+00 2.171464756341334734e-03 3.073778995656483382e+00 1.199999999999999956e+00 4.822026972479598328e-01 9.785889887036578472e-01
3.067083572417328874e+00 2.792783817858635054e-03 3.069876356235187398e+00 1.199999999999999956e+00 4.797681144529803987e-01 9.777691859079297165e-01
3.062014532620446872e+00 3.492244489303408805e-03 3.065506777109750391e+00 1.199999999999999956e+00 4.770304417987158985e-01 9.768477291459984890e-01
3.056407457792415627e+00 4.270013760287683091e-03 3.060677471552703199e+00 1.199999999999999956e+00 4.739901145711993280e-01 9.758249073559842612e-01
3.050270090970128578e+00 5.126276467125601144e-03 3.055396367437253957e+00 1.199999999999999956e+00 4.706476164819486385e-01 9.747010410471693698e-01
3.043610846086750144e+00 6.061235066585179965e-03 3.049672081153335323e+00 1.199999999999999956e+00 4.670034796851956216e-01 9.734764821326138406e-01
3.036438780176847096e+00 7.075109385608513435e-03 3.043513889562455610e+00 1.199999999999999956e+00 4.630582847960154069e-01 9.721516137455017414e-01
3.028763563812285842e+00 8.168136346671017733e-03 3.036931700158956637e+00 1.199999999999999956e+00 4.588126609089089314e-01 9.707268500393566590e-01
3.020595449944308619e+00 9.340569668250475743e-03 3.029936019612558873e+00 1.199999999999999956e+00 4.542672856168952222e-01 9.692026359722780704e-01
3.011945241333314982e+00 1.059267954007880874e-02 3.022537920873393791e+00 1.199999999999999956e+00 4.494228850303834122e-01 9.675794470753403820e-01
3.002824256752527177e+00 1.192475227256828418e-02 3.014749009025095461e+00 1.199999999999999956e+00 4.442802337958937642e-01 9.658577892053403779e-01
2.993244296154718320e+00 1.333708991991533477e-02 3.006581386074633766e+00 1.199999999999999956e+00 4.388401551141889456e-01 9.640381982820657170e-01
2.983217604991944771e+00 1.483000987639415680e-02 2.998047614868339039e+00 1.199999999999999956e+00 4.331035207572409007e-01 9.621212400102704398e-01
2.972756837878483882e+00 1.640384444513454110e-02 2.989160682323618534e+00 1.199999999999999956e+00 4.270712510840306564e-01 9.601075095865686526e-01
2.961875021785110196e+00 1.805894037883970515e-02 2.979933962163949790e+00 1.199999999999999956e+00 4.207443150545504551e-01 9.579976313914555508e-01
2.950585518949287778e+00 1.979565839177577224e-02 2.970381177341063328e+00 1.199999999999999956e+00 4.141237302416502786e-01 9.557922586666742770e-01
2.938901989681978577e+00 2.161014495070978647e-02 2.960512134632688586e+00 1.199999999999999956e+00 4.072105628404028010e-01 9.534598373564464602e-01
2.926838355245031220e+00 2.350621823249610109e-02 2.950344573477527099e+00 1.199999999999999956e+00 4.000059276743490599e-01 9.510261772286543458e-01
2.913967450403872395e+00 2.545766205681820882e-02 2.939425112460690492e+00 1.199999999999999956e+00 3.926000767390949164e-01 9.484976167221247367e-01
2.899778395254856367e+00 2.743120175376501102e-02 2.927209597008621600e+00 1.199999999999999956e+00 3.851037271426847042e-01 9.458749335952542081e-01
2.885229394946421166e+00 2.948514005716396102e-02 2.914714535003585016e+00 1.199999999999999956e+00 3.773297820159493554e-01 9.431589330878948907e-01
2.870337715055351513e+00 3.161995614961710110e-02 2.901957671204968392e+00 1.199999999999999956e+00 3.692794593885864174e-01 9.403504475093981130e-01
2.855120669572178915e+00 3.383614127648848502e-02 2.888956810848667622e+00 1.199999999999999956e+00 3.609540229671903688e-01 9.374503358136389020e-01
2.839595579609330844e+00 3.613419806900886044e-02 2.875729777678339705e+00 1.199999999999999956e+00 3.523547821619947840e-01 9.344594831613219910e-01
2.823779733692393545e+00 3.851463983327785279e-02 2.862294373525671176e+00 1.199999999999999956e+00 3.434830921084799371e-01 9.313788004698732026e-01
2.807690349750384229e+00 4.097798980403399849e-02 2.848668339554418338e+00 1.199999999999999956e+00 3.343403536837019630e-01 9.282092239512499399e-01
2.791344538904154682e+00 4.352478036231754999e-02 2.834869319266472232e+00 1.199999999999999956e+00 3.249280135162795347e-01 9.249517146379875321e-01
2.774759271135242678e+00 4.615555221584588530e-02 2.820914823351088785e+00 1.199999999999999956e+00 3.152475639899003923e-01 9.216072578978204977e-01
2.757951342901547420e+00 4.887085354111408986e-02 2.806822196442661621e+00 1.199999999999999956e+00 3.053005432394941820e-01 9.181768629372271118e-01
2.740937346750205617e+00 5.167123908607185179e-02 2.792608585836277690e+00 1.199999999999999956e+00 2.950885351396923539e-01 9.146615622942395607e-01
2.723733642963077184e+00 5.455726923233128467e-02 2.778290912195408247e+00 1.199999999999999956e+00 2.846131692847944095e-01 9.110624113208787289e-01
2.706356333255959257e+00 5.752950901570397235e-02 2.763885842271663229e+00 1.199999999999999956e+00 2.738761209599269719e-01 9.073804876555823240e-01
2.688821236538621040e+00 6.058852710404016850e-02 2.749409763642661098e+00 1.199999999999999956e+00 2.628791111024684213e-01 9.036168906859817218e-01
2.671143866730886884e+00 6.373489473111171311e-02 2.734878761461998486e+00 1.199999999999999956e+00 2.516239062535525761e-01 8.997727410024203287e-01
2.653339412617132353e+00 6.696918458550671360e-02 2.720308597202639067e+00 1.199999999999999956e+00 2.401123184986904135e-01 8.958491798425749497e-01
2.633493736002432861e+00 7.015031487019407486e-02 2.703644050872626714e+00 1.199999999999999956e+00 2.288029576198784554e-01 8.918473685275803975e-01
2.613509372275424791e+00 7.341317050165463431e-02 2.686922542777079315e+00 1.199999999999999956e+00 2.172641287726202464e-01 8.877684878900322651e-01
2.593462715027072374e+00 7.676273406906997110e-02 2.670225449096142345e+00 1.199999999999999956e+00 2.054835523204951997e-01 8.836137376942797550e-01
2.573369287284284379e+00 8.019962075294473358e-02 2.653568908037229335e+00 1.199999999999999956e+00 1.934630783812663068e-01 8.793843360493845962e-01
2.553244081757678696e+00 8.372444335985984587e-02 2.636968525117538320e+00 1.199999999999999956e+00 1.812046000515854516e-01 8.750815188151660484e-01
2.533101554211547590e+00 8.733781100469983905e-02 2.620439365216247651e+00 1.199999999999999956e+00 1.687100533422931647e-01 8.707065390017281192e-01
2.512955618937786628e+00 9.104032774128789640e-02 2.603995946679074525e+00 1.199999999999999956e+00 1.559814170996540739e-01 8.662606661628712290e-01
2.492819646210769680e+00 9.483259114017661418e-02 2.587652237350946294e+00 1.199999999999999956e+00 1.430207129122571530e-01 8.617451857838147600e-01
2.472706461597979022e+00 9.871341520719834062e-02 2.571419876805177473e+00 1.199999999999999956e+00 1.298300050028009522e-01 8.571237793056759591e-01
2.452628347000455289e+00 1.026843011515958803e-01 2.555312648152050947e+00 1.199999999999999956e+00 1.164114001042673152e-01 8.524071391722011226e-01
2.432597043297271888e+00 1.067472697451442576e-01 2.539344313042416257e+00 1.199999999999999956e+00 1.027670473200785750e-01 8.476239074782405680e-01
2.412623754468977921e+00 1.109029193317379036e-01 2.523526673800716047e+00 1.199999999999999956e+00 8.889913796747705987e-02 8.427754462309797745e-01
2.390896181044644742e+00 1.149948042919435309e-01 2.505890985336588273e+00 1.199999999999999956e+00 7.531276819810361900e-02 8.378631304178456585e-01
2.368894149157010354e+00 1.191438014309027515e-01 2.488037950587913105e+00 1.199999999999999956e+00 6.162435474477767627e-02 8.328883473596967457e-01
2.347030654322673549e+00 1.233846245812172393e-01 2.470415278903890677e+00 1.199999999999999956e+00 4.772681934650968572e-02 8.278524960611942651e-01
2.325315122828390368e+00 1.277178848484917806e-01 2.453033007676882260e+00 1.199999999999999956e+00 3.362234456630286417e-02 8.227569865587596176e-01
2.303756364052328198e+00 1.321441761049332309e-01 2.435900540157261318e+00 1.199999999999999956e+00 1.931315283793555437e-02 8.176032392665510962e-01
2.282362588396382730e+00 1.366640730679719029e-01 2.419026661464354522e+00 1.199999999999999956e+00 4.801506281010503585e-03 8.123926843208872928e-01
2.261141425783255610e+00 1.412781293122041815e-01 2.402419555095459902e+00 1.199999999999999956e+00 -9.910293503691214312e-03 8.071267609235200924e-01
2.240099944594960313e+00 1.459868752137576386e-01 2.386086819808717951e+00 1.199999999999999956e+00 -2.481990565901881496e-02 8.018069166841925721e-01
2.219244670938033348e+00 1.507908158262445397e-01 2.370035486764277888e+00 1.199999999999999956e+00 -3.992495031675336037e-02 7.964346069628908120e-01
2.198581608129788645e+00 1.556904286876359400e-01 2.354272036817424585e+00 1.199999999999999956e+00 -5.522300886389164276e-02 7.910112942122057289e-01
2.177270401530149169e+00 1.606012026568843787e-01 2.337871604187033547e+00 1.199999999999999956e+00 -7.044082726275835427e-02 7.855384473202121631e-01
2.154759148158241544e+00 1.654613242648189653e-01 2.320220472423060620e+00 1.199999999999999956e+00 -8.537786492326215892e-02 7.800175409542858818e-01
2.132524508561311816e+00 1.704163014999574566e-01 2.302940810061269161e+00 1.199999999999999956e+00 -1.004941908401031370e-01 7.744500549062436345e-01
2.110569453537240125e+00 1.754665897499891880e-01 2.286036043287229091e+00 1.199999999999999956e+00 -1.157874333621746743e-01 7.688374734392290355e-01
2.088896472297522511e+00 1.806126096492474131e-01 2.269509081946770035e+00 1.199999999999999956e+00 -1.312551842624367637e-01 7.631812846367288516e-01
2.067507599108278527e+00 1.858579540675372455e-01 2.253365553175815883e+00 1.199999999999999956e+00 -1.468949990495369562e-01 7.574303198161920214e-01
2.046404439164616118e+00 1.912007667398699651e-01 2.237605205904486194e+00 1.199999999999999956e+00 -1.627043973027868518e-01 7.516348623652503447e-01
2.025588193664108694e+00 1.966411990484941974e-01 2.222229392712602891e+00 1.199999999999999956e+00 -1.786808630306113699e-01 7.457998928718811982e-01
2.005059684053306146e+00 2.021795451672392385e-01 2.207239229220545162e+00 1.199999999999999956e+00 -1.948218450527354761e-01 7.399269229925055091e-01
1.984819375427891774e+00 2.078160516959671744e-01 2.192635427123859060e+00 1.199999999999999956e+00 -2.111247574063046528e-01 7.340174650005920620e-01
1.963040753599604615e+00 2.133330255640878415e-01 2.176373779163692568e+00 1.199999999999999956e+00 -2.268937860682145313e-01 7.280730311503621488e-01
1.941213891000089342e+00 2.188982008957772729e-01 2.160112091895866726e+00 1.199999999999999956e+00 -2.426593118636306556e-01 7.220951330453140304e-01
1.919754227741122588e+00 2.245606540196536383e-01 2.144314881760776004e+00 1.199999999999999956e+00 -2.585742443648770816e-01 7.160852810119401335e-01
1.898658672439510919e+00 2.303205673038156709e-01 2.128979239743326701e+00 1.199999999999999956e+00 -2.746360783512447057e-01 7.100449834789819281e-01
1.877923908575598100e+00 2.361780663314687612e-01 2.114101974907066861e+00 1.199999999999999956e+00 -2.908422758530724295e-01 7.039757463625658795e-01
1.857546416519118226e+00 2.421332167202103758e-01 2.099679633239328602e+00 1.199999999999999956e+00 -3.071902666160237771e-01 6.978790724575661963e-01
1.837522494246755400e+00 2.481860208680377600e-01 2.085708515114792938e+00 1.199999999999999956e+00 -3.236774485904971854e-01 6.917564608355170064e-01
1.817848276801560248e+00 2.543364146282539595e-01 2.072184691429814318e+00 1.199999999999999956e+00 -3.403011884461131231e-01 6.856094062494073604e-01
1.798519754544643634e+00 2.605842639158744145e-01 2.059104018460518049e+00 1.199999999999999956e+00 -3.570588221112398486e-01 6.794393985456648188e-01
1.777880512214667252e+00 2.666977984016564163e-01 2.044578310616323780e+00 1.199999999999999956e+00 -3.732090140671662226e-01 6.732479220836444789e-01
1.757179021174910316e+00 2.728410022009990499e-01 2.030020023375909588e+00 1.199999999999999956e+00 -3.892718089844784402e-01 6.670364551629168748e-01
1.736894471824956376e+00 2.790824529302962098e-01 2.015976924755252586e+00 1.199999999999999956e+00 -4.054574810419291353e-01 6.607961041009570158e-01
1.717019260406352998e+00 2.854212237452319334e-01 2.002440484151585043e+00 1.199999999999999956e+00 -4.217634741427787048e-01 6.545331866416381761e-01
1.697545814110022588e+00 2.918560006875299262e-01 1.989401814797552515e+00 1.199999999999999956e+00 -4.381872033298206404e-01 6.482546320169804144e-01
1.678466601895049370e+00 2.983863855633858142e-01 1.976852987458435074e+00 1.199999999999999956e+00 -4.547260553889866941e-01 6.419618924078943634e-01
1.659774144234327231e+00 3.050118919527522454e-01 1.964786036187079477e+00 1.199999999999999956e+00 -4.713773894781345675e-01 6.356564111765420355e-01
1.641461021862992364e+00 3.117319413916578297e-01 1.953192963254650305e+00 1.199999999999999956e+00 -4.881385377805189663e-01 6.293396223449461147e-01
1.623500431341519112e+00 3.185427142030554659e-01 1.942043145544574578e+00 1.199999999999999956e+00 -5.049966958589076071e-01 6.230129500832831679e-01
1.603959045720402710e+00 3.251250167414087011e-01 1.929084062461811300e+00 1.199999999999999956e+00 -5.209240864061488452e-01 6.166778082080967005e-01
1.584861461983589681e+00 3.318002328847966531e-01 1.916661694868386334e+00 1.199999999999999956e+00 -5.369519667954296693e-01 6.103355996906469905e-01
1.566196809214271291e+00 3.385676331382094784e-01 1.904764442352480769e+00 1.199999999999999956e+00 -5.530777979476617645e-01 6.039877161756117552e-01
1.547954469113560272e+00 3.454263842164946308e-01 1.893380853330054903e+00 1.199999999999999956e+00 -5.692990154897890065e-01 5.976355375103393763e-01
1.530124073846111488e+00 3.523755450406109713e-01 1.882499618886722459e+00 1.199999999999999956e+00 -5.856130304733966341e-01 5.912804312848431998e-01
1.512695503469032809e+00 3.594140627206687810e-01 1.872109566189701590e+00 1.199999999999999956e+00 -6.020172301170321205e-01 5.849237523827240937e-01
1.495658882997383810e+00 3.665407685359560741e-01 1.862199651533339884e+00 1.199999999999999956e+00 -6.185089785717607924e-01 5.785668425431949036e-01
1.479004579154785226e+00 3.737543739230684281e-01 1.852758953077853654e+00 1.199999999999999956e+00 -6.350856177094552635e-01 5.722110299343613482e-01
1.462094662746173945e+00 3.809312911681368430e-01 1.843025953914310788e+00 1.199999999999999956e+00 -6.513534736589274843e-01 5.658651151284568304e-01
1.444420947976272407e+00 3.879501828810728581e-01 1.832371130857345154e+00 1.199999999999999956e+00 -6.669647450948898992e-01 5.595724265204996550e-01
1.427182819913314749e+00 3.950523421694586146e-01 1.822235162082773474e+00 1.199999999999999956e+00 -6.826536942093079929e-01 5.532846892746644540e-01
1.410367715873784622e+00 4.022362557750455703e-01 1.812603971648830248e+00 1.199999999999999956e+00 -6.984178074762263932e-01 5.470031618384080252e-01
1.393963489128754896e+00 4.095002807391036614e-01 1.803463769867858613e+00 1.199999999999999956e+00 -7.142545505955446572e-01 5.407290872678667260e-01
1.377958394426681776e+00 4.168426406900263559e-01 1.794801035116708077e+00 1.199999999999999956e+00 -7.301613693418396167e-01 5.344636928747763527e-01
1.362341073968100336e+00 4.242614222157577997e-01 1.786602496183858246e+00 1.199999999999999956e+00 -7.461356904336131635e-01 5.282081898854158464e-01
1.347100543826952768e+00 4.317545713385446682e-01 1.778855115165497436e+00 1.199999999999999956e+00 -7.621749224222558183e-01 5.219637731116425483e-01
1.332226180812236649e+00 4.393198901106803445e-01 1.771546070922916938e+00 1.199999999999999956e+00 -7.782764566000626161e-01 5.157316206341069353e-01
1.316672925274531281e+00 4.467259516291794963e-01 1.763398876903710777e+00 1.199999999999999956e+00 -7.936649592565103717e-01 5.095128934977031232e-01
1.300960909375216357e+00 4.540770710142636446e-01 1.755037980389480001e+00 1.199999999999999956e+00 -8.086892438501864788e-01 5.033087354193064300e-01
1.285657812222569918e+00 4.614972108268454165e-01 1.747155023049415279e+00 1.199999999999999956e+00 -8.237709307714409235e-01 4.971202725078497919e-01
1.270750663003660463e+00 4.689839367666771563e-01 1.739734599770337731e+00 1.199999999999999956e+00 -8.389075649840700422e-01 4.909486129967693402e-01
1.256226993847428197e+00 4.765346615891322690e-01 1.732761655436560577e+00 1.199999999999999956e+00 -8.540966755015197975e-01 4.847948469888426759e-01
1.242074817089090510e+00 4.841466423223311222e-01 1.726221459411421577e+00 1.199999999999999956e+00 -8.693357763456317500e-01 4.786600462134426581e-01
1.228282603689336838e+00 4.918169777146946253e-01 1.720099581404031408e+00 1.199999999999999956e+00 -8.846223675211151161e-01 4.725452637962067604e-01
1.214839262744021209e+00 4.995005411378629079e-01 1.714339803881884006e+00 1.199999999999999956e+00 -8.999539360048451897e-01 4.665277287261961336e-01
1.201734122023875306e+00 5.071879726489980644e-01 1.708922094672873371e+00 1.199999999999999956e+00 -9.153279567491106050e-01 4.606140493740689124e-01
1.187879774985585613e+00 5.146477874014787623e-01 1.702527562387064375e+00 1.199999999999999956e+00 -9.297767931519125284e-01 4.547228339005817688e-01
1.174087213643856931e+00 5.220747788129019851e-01 1.696161992456759027e+00 1.199999999999999956e+00 -9.439848865122675292e-01 4.488550335490099630e-01
1.160666545647394132e+00 5.295461333093398615e-01 1.690212678956733994e+00 1.199999999999999956e+00 -9.582329535401736820e-01 4.430115805023224218e-01
1.147605291974172159e+00 5.370584249481009653e-01 1.684663716922273125e+00 1.199999999999999956e+00 -9.725186248001591593e-01 4.371933877310658079e-01
1.134891499953553540e+00 5.446080754757394171e-01 1.679499575429292957e+00 1.199999999999999956e+00 -9.868395199249828664e-01 4.314013488531507901e-01
1.122513716585208376e+00 5.521913543986753936e-01 1.674705070983883770e+00 1.199999999999999956e+00 -1.001193248655902757e+00 4.256363380054759005e-01
1.110460963429396264e+00 5.598043794835254605e-01 1.670265342912921724e+00 1.199999999999999956e+00 -1.015577411892772730e+00 4.198992097273204216e-01
1.098722712963181136e+00 5.674431177165077944e-01 1.666165830679688931e+00 1.199999999999999956e+00 -1.029989602753028421e+00 4.141907988554311415e-01
1.087288866305082813e+00 5.751033867516086584e-01 1.662392253056691471e+00 1.199999999999999956e+00 -1.044427407638591987e+00 4.085119204307159912e-01
1.075449170664505960e+00 5.825837947867691380e-01 1.658032965451275098e+00 1.199999999999999956e+00 -1.058137843062629813e+00 4.028633696164562461e-01
1.063447570171872192e+00 5.899451431785955879e-01 1.653392713350467780e+00 1.199999999999999956e+00 -1.071347054130343146e+00 3.972459216279355387e-01
1.051776711293993971e+00 5.973234316755204887e-01 1.649100142969514460e+00 1.199999999999999956e+00 -1.084581825924785470e+00 3.916603316733817675e-01
1.040425141005323795e+00 6.047142953383329855e-01 1.645139436343656669e+00 1.199999999999999956e+00 -1.097839895317384240e+00 3.861073349061096560e-01
1.029381912080713279e+00 6.121132292186622914e-01 1.641495141299375682e+00 1.199999999999999956e+00 -1.111118993330713511e+00 3.805876463877395088e-01
1.018636555903524865e+00 6.195155920111554693e-01 1.638152147914680334e+00 1.199999999999999956e+00 -1.124416846226053757e+00 3.751019610623750333e-01
1.008179056988925071e+00 6.267306642625919411e-01 1.634909721251517123e+00 1.199999999999999956e+00 -1.137731176594310334e+00 3.698963666574108244e-01
9.979998290981769715e-01 6.339167271313600471e-01 1.631916556229537019e+00 1.199999999999999956e+00 -1.151059704449351351e+00 3.647492326315984190e-01
9.880896928298787962e-01 6.410876914188787801e-01 1.629177384248757576e+00 1.199999999999999956e+00 -1.164400148322667139e+00 3.596362823653292962e-01
9.784398545833260519e-01 6.482387921648766760e-01 1.626678646748202617e+00 1.199999999999999956e+00 -1.177750226358381891e+00 3.545580998217128799e-01
9.681378170289757223e-01 6.550909373578444050e-01 1.623228754386820238e+00 1.199999999999999956e+00 -1.189932841155448173e+00 3.495152498727364665e-01
9.580426073874827031e-01 6.618991125557059929e-01 1.619941719943188696e+00 1.199999999999999956e+00 -1.202024126059043407e+00 3.445082783343563215e-01
9.482269094847546320e-01 6.686836120599224387e-01 1.616910521544677071e+00 1.199999999999999956e+00 -1.214127451086413956e+00 3.395377120110033009e-01
9.386810037912490801e-01 6.754396890777263351e-01 1.614120692868975304e+00 1.199999999999999956e+00 -1.226240672691752298e+00 3.346040587493454010e-01
9.293956052371821208e-01 6.821625366780982302e-01 1.611558141915280462e+00 1.199999999999999956e+00 -1.238361647590267012e+00 3.297078075011363185e-01
9.203618394021140237e-01 6.888472967747378828e-01 1.609209136176851906e+00 1.199999999999999956e+00 -1.250488233852788955e+00 3.248494283949856509e-01
9.115712202414795184e-01 6.954890697167083191e-01 1.607060289958187838e+00 1.199999999999999956e+00 -1.262618291996139952e+00 3.200293728168673857e-01
9.030156292359007297e-01 7.020829244815799397e-01 1.605098553717480669e+00 1.199999999999999956e+00 -1.274749686068313625e+00 3.152480734991977562e-01
8.946872958587377411e-01 7.086239094619879442e-01 1.603311205320725685e+00 1.199999999999999956e+00 -1.286880284727459411e+00 3.105059446182916183e-01
8.865787792659631794e-01 7.151070638323259177e-01 1.601685843098289208e+00 1.199999999999999956e+00 -1.299007962313774023e+00 3.058033819000183229e-01
8.782455624761934532e-01 7.213926759797112398e-01 1.599638238455904693e+00 1.199999999999999956e+00 -1.310448739516094641e+00 3.011407627334646286e-01
8.697801782957323979e-01 7.275070109221679626e-01 1.597287189217900361e+00 1.199999999999999956e+00 -1.321320151634227891e+00 2.965184462924146391e-01
8.615487547636120347e-01 7.335607819672039787e-01 1.595109536730816124e+00 1.199999999999999956e+00 -1.332193249473383911e+00 2.919367736644494227e-01
8.535432216635858715e-01 7.395492621663137811e-01 1.593092483829899653e+00 1.199999999999999956e+00 -1.343066027617626279e+00 2.873960679874752455e-01
8.457558681006597245e-01 7.453555433255294460e-01 1.591111411426189282e+00 1.199999999999999956e+00 -1.353936486761713631e+00 2.830254107870623925e-01
8.381793227868914453e-01 7.508908897647339487e-01 1.589070212551625394e+00 1.199999999999999956e+00 -1.364802634762094513e+00 2.789211086581715460e-01
8.308065356035340132e-01 7.563498721330345065e-01 1.587156407736568520e+00 1.199999999999999956e+00 -1.375662487676558410e+00 2.748553189571021349e-01
8.236307603443812075e-01 7.617287459926835869e-01 1.585359506337064683e+00 1.199999999999999956e+00 -1.386514070791650344e+00 2.708282744755892701e-01
8.166455385531481426e-01 7.670238627155728794e-01 1.583669401268720911e+00 1.199999999999999956e+00 -1.397355419637066554e+00 2.668401922038806662e-01
8.098446843750359836e-01 7.722316805823346009e-01 1.582076364957370584e+00 1.199999999999999956e+00 -1.408184580986232337e+00 2.628912734935294759e-01
8.032222703491814775e-01 7.773487758409801662e-01 1.580571046190161644e+00 1.199999999999999956e+00 -1.418999613842240937e+00 2.589817042257005486e-01
7.966777826807606155e-01 7.823444852606410427e-01 1.579022267941401658e+00 1.199999999999999956e+00 -1.429620541496942732e+00 2.551116549847970427e-01
7.897787806617083683e-01 7.870945183524040711e-01 1.576873299014112551e+00 1.199999999999999956e+00 -1.439221383456807057e+00 2.512812812372128279e-01
