7.704780375811872695e-01
8.323480150033002456e-01
8.908358522395987134e-01
9.460364528239338933e-01
9.460364528239338933e-01
1.976926699528106068e+00
3.118893969868571592e+00
4.402058433908270452e+00
5.795763038568371606e+00
7.262181174809568596e+00
8.767774304583728195e+00
1.028700562596204904e+01
1.180238546057199223e+01
1.330298391997035523e+01
1.478262846795833241e+01
1.623833528939747595e+01
1.766912963603196829e+01
1.907523054347175417e+01
2.045751824767593519e+01
2.181720088744864583e+01
2.315561380632110300e+01
2.447410370946719382e+01
2.577396553700956972e+01
2.705641123895490807e+01
2.832255732370219548e+01
2.957342306704254042e+01
3.080993445783663276e+01
3.203293094891118642e+01
3.324317330913502389e+01
3.444135161939457390e+01
3.562809290344932123e+01
3.680396814927780014e+01
3.796949862917342955e+01
3.912516151181264945e+01
4.027139480410296102e+01
4.140860168146839015e+01
4.253715427247396264e+01
4.365739696345305987e+01
4.476964928467086224e+01
4.587420843370460233e+01
4.697135148530972515e+01
4.806133733077638226e+01
4.914440838395258737e+01
5.022079208588295529e+01
5.129070223544484719e+01
5.235434016936579127e+01
5.341189581162935696e+01
5.446354860930743769e+01
5.550946836946538099e+01
5.654981600958999621e+01
5.758474423230497763e+01
5.861439813355116968e+01
5.963891575218318053e+01
6.065842856783095272e+01
6.167306195294242599e+01
6.268293558415550848e+01
6.368816381747488720e+01
6.468885603114320304e+01
6.568511693962523168e+01
6.667704688168768712e+01
6.766474208520106970e+01
6.864829491098110736e+01
6.962779407770599960e+01
7.060332486972423283e+01
7.157496932934505196e+01
7.254280643505524040e+01
7.350691226692556768e+01
7.446736016033132444e+01
7.542422084902322865e+01
7.637756259844803708e+01
7.732745133014279304e+01
7.827395073792824576e+01
7.921712239659495935e+01
8.015702586364712090e+01
8.109371877467360434e+01
8.202725693283326791e+01
8.295769439289634306e+01
8.388508354026183156e+01
8.480947516530713415e+01
8.573091853342035051e+01
8.664946145101932018e+01
8.756515032784412256e+01
8.847803023578244108e+01
8.938814496445328928e+01
9.029553707379247385e+01
9.120024794381946265e+01
9.210231782177255866e+01
9.300178586680648607e+01
9.389869019236797953e+01
9.479306790643802572e+01
9.568495514975204230e+01
9.657438713211723780e+01
9.746139816696347680e+01
9.834602170421743494e+01
9.922829036160928240e+01
1.001082359544944325e+02
1.009858895242932419e+02
1.018612813656045688e+02
1.027344410520845912e+02
1.036053974611735100e+02
1.044741787976956573e+02
1.053408126164175513e+02
1.062053258436491205e+02
1.070677447978699774e+02
1.079280952095086121e+02
1.087864022398522366e+02
1.096426904991947993e+02
1.104969840642063303e+02
1.113493064946046189e+02
1.121996808491398099e+02
1.130481297009352062e+02
1.138946751522282312e+02
1.147393388485078702e+02
1.155821419921196025e+02
1.164231053553287012e+02
1.172622492928858264e+02
1.180995937541194962e+02
1.189351582945647579e+02
1.197689620871579024e+02
1.206010239330236544e+02
1.214313622718594985e+02
1.222599951919465866e+02
1.230869404397939917e+02
1.239122154294421279e+02
