7 45 35 3.36 3.896 4.89e+05 1.672 25.57 0.5682 2.109
7 45 36 3.554 3.368 5.77e+05 1.688 27.2 0.6045 1.724
7 45 37 3.754 2.824 7.013e+05 1.712 28.84 0.6409 1.328
7 45 38 3.945 2.308 8.515e+05 1.76 30.26 0.6724 0.9524
7 45 39 4.155 1.736 1.163e+06 1.823 33.22 0.7382 0.5354
7 45 40 4.276 1.41 1.222e+06 1.998 32.8 0.7288 0.2981
7 45 41 4.286 1.39 8.013e+05 2.26 27.3 0.6066 0.2839
7 45 42 4.288 1.393 5.02e+05 2.44 23.06 0.5125 0.2863
7 45 43 4.293 1.386 3.303e+05 2.49 20.25 0.45 0.2806
7 45 44 4.292 1.395 2.278e+05 2.453 18.2 0.4045 0.2875
7 45 45 4.304 1.421 1.724e+05 2.383 16.79 0.373 0.3065
7 45 46 4.304 1.611 1.346e+05 2.304 15.6 0.3467 0.445
7 45 47 4.304 1.798 1.099e+05 2.24 14.81 0.3292 0.5809
7 45 48 4.304 1.981 9.28e+04 2.183 14.12 0.3138 0.7143
7 45 49 4.304 2.161 8.051e+04 2.152 13.39 0.2975 0.8448
7 45 50 4.304 2.336 7.122e+04 2.128 13.03 0.2897 0.9725
7 45 51 4.304 2.508 6.401e+04 2.112 12.36 0.2746 1.097
7 45 52 4.326 2.641 5.899e+04 2.103 12.02 0.2671 1.194
7 45 53 4.326 2.805 5.418e+04 2.092 11.95 0.2655 1.314
7 45 54 4.326 2.965 5.021e+04 2.084 11.64 0.2586 1.43
7 45 55 4.326 3.12 4.688e+04 2.078 11.33 0.2517 1.543
7 45 56 4.326 3.272 4.405e+04 2.072 11.02 0.2448 1.653
7 50 39 3.379 3.787 6.812e+05 1.673 28.86 0.5773 2.03
7 50 40 3.554 3.309 7.915e+05 1.688 30.23 0.6045 1.682
7 50 41 3.734 2.819 9.418e+05 1.709 31.59 0.6318 1.325
7 50 42 3.903 2.359 1.109e+06 1.751 33.15 0.663 0.9894
7 50 43 4.091 1.846 1.436e+06 1.801 35.97 0.7194 0.6155
7 50 44 4.257 1.395 1.839e+06 1.9 38.32 0.7665 0.2874
7 50 45 4.257 1.399 1.234e+06 2.142 32.21 0.6442 0.2906
7 50 46 4.257 1.402 8.117e+05 2.33 27.51 0.5502 0.2929
7 50 47 4.268 1.378 5.618e+05 2.442 24.22 0.4843 0.2751
7 50 48 4.262 1.399 3.837e+05 2.437 21.59 0.4318 0.2905
7 50 49 4.264 1.396 2.845e+05 2.4 19.77 0.3955 0.2879
7 50 50 4.269 1.497 2.222e+05 2.335 18.21 0.3643 0.3619
7 50 51 4.269 1.66 1.795e+05 2.275 17.34 0.3467 0.4805
7 50 52 4.291 1.779 1.54e+05 2.24 16.46 0.3292 0.5669
7 50 53 4.291 1.94 1.317e+05 2.188 15.69 0.3138 0.6842
7 50 54 4.291 2.099 1.152e+05 2.159 15.28 0.3056 0.8002
7 50 55 4.291 2.257 1.026e+05 2.137 14.47 0.2893 0.9148
7 50 56 4.291 2.412 9.261e+04 2.119 14.11 0.2821 1.028
7 50 57 4.291 2.566 8.457e+04 2.107 13.73 0.2746 1.139
7 50 58 4.291 2.716 7.795e+04 2.097 13.35 0.2671 1.249
7 50 59 4.291 2.865 7.242e+04 2.089 12.93 0.2586 1.357
7 50 60 4.291 3.01 6.775e+04 2.082 12.93 0.2586 1.463
7 50 61 4.291 3.153 6.375e+04 2.076 12.59 0.2517 1.567
7 50 62 4.291 3.294 6.029e+04 2.071 12.24 0.2448 1.669
7 55 43 3.395 3.709 9.183e+05 1.675 31.75 0.5773 1.973
7 55 44 3.554 3.273 1.053e+06 1.688 33.25 0.6045 1.655
7 55 45 3.718 2.826 1.232e+06 1.707 34.75 0.6318 1.33
7 55 46 3.869 2.413 1.418e+06 1.744 35.95 0.6536 1.028
7 55 47 4.04 1.947 1.769e+06 1.785 38.53 0.7006 0.6897
7 55 48 4.213 1.472 2.364e+06 1.847 42.16 0.7665 0.3436
7 55 49 4.244 1.39 1.882e+06 2.042 38.02 0.6912 0.2835
7 55 50 4.249 1.379 1.316e+06 2.236 32.84 0.5972 0.2761
7 55 51 4.237 1.416 8.657e+05 2.359 28.19 0.5125 0.3026
7 55 52 4.247 1.39 6.324e+05 2.425 25.09 0.4561 0.2841
7 55 53 4.241 1.409 4.573e+05 2.401 22.75 0.4136 0.298
7 55 54 4.239 1.419 3.504e+05 2.358 21.25 0.3864 0.3049
7 55 55 4.269 1.487 2.957e+05 2.335 20.03 0.3643 0.3542
7 55 56 4.269 1.641 2.433e+05 2.28 19.07 0.3467 0.4667
7 55 57 4.269 1.794 2.06e+05 2.233 18.1 0.3292 0.5776
7 55 58 4.269 1.944 1.784e+05 2.188 17.26 0.3138 0.6868
7 55 59 4.269 2.091 1.576e+05 2.161 16.81 0.3056 0.7942
7 55 60 4.269 2.236 1.412e+05 2.141 16.36 0.2975 0.8997
7 55 61 4.269 2.379 1.282e+05 2.125 15.91 0.2893 1.003
7 55 62 4.269 2.518 1.175e+05 2.112 15.1 0.2746 1.105
7 55 63 4.269 2.655 1.086e+05 2.102 15.1 0.2746 1.205
7 55 64 4.269 2.789 1.011e+05 2.094 14.69 0.2671 1.302
7 55 65 4.269 2.921 9.475e+04 2.087 14.22 0.2586 1.398
7 55 66 4.269 3.05 8.927e+04 2.081 13.84 0.2517 1.492
7 55 67 4.269 3.176 8.45e+04 2.075 13.84 0.2517 1.583
7 55 68 4.269 3.299 8.033e+04 2.071 13.47 0.2448 1.673
7 60 47 3.408 3.65 1.205e+06 1.676 34.64 0.5773 1.93
7 60 48 3.554 3.249 1.368e+06 1.688 36.27 0.6045 1.638
7 60 49 3.704 2.84 1.578e+06 1.705 37.91 0.6318 1.34
7 60 50 3.841 2.465 1.783e+06 1.739 39.22 0.6536 1.066
7 60 51 3.997 2.039 2.162e+06 1.773 41.47 0.6912 0.7566
7 60 52 4.155 1.606 2.757e+06 1.823 44.29 0.7382 0.441
7 60 53 4.231 1.398 2.692e+06 1.959 43.17 0.7194 0.29
7 60 54 4.228 1.408 1.904e+06 2.147 37.52 0.6254 0.2969
7 60 55 4.227 1.414 1.342e+06 2.29 32.45 0.5408 0.3016
7 60 56 4.238 1.385 1.002e+06 2.386 29.62 0.4937 0.2799
7 60 57 4.241 1.379 7.431e+05 2.419 26.8 0.4467 0.2761
7 60 58 4.235 1.397 5.586e+05 2.388 24.82 0.4136 0.2886
7 60 59 4.252 1.397 4.577e+05 2.372 23.18 0.3864 0.2891
7 60 60 4.248 1.543 3.701e+05 2.31 21.86 0.3643 0.395
7 60 61 4.248 1.679 3.109e+05 2.264 20.8 0.3467 0.4943
7 60 62 4.248 1.815 2.674e+05 2.225 19.75 0.3292 0.593
7 60 63 4.248 1.949 2.344e+05 2.193 19.22 0.3204 0.6908
7 60 64 4.248 2.082 2.086e+05 2.162 18.34 0.3056 0.7877
7 60 65 4.248 2.214 1.882e+05 2.143 17.85 0.2975 0.8836
7 60 66 4.248 2.344 1.716e+05 2.128 17.36 0.2893 0.9785
7 60 67 4.248 2.473 1.579e+05 2.115 16.93 0.2821 1.072
7 60 68 4.248 2.6 1.464e+05 2.106 16.48 0.2746 1.165
7 60 69 4.248 2.726 1.367e+05 2.098 16.03 0.2671 1.256
7 60 70 4.248 2.849 1.283e+05 2.091 15.57 0.2596 1.346
7 60 71 4.248 2.971 1.211e+05 2.085 15.52 0.2586 1.434
7 65 50 3.287 3.967 1.391e+06 1.666 36.34 0.5591 2.161
7 65 51 3.419 3.605 1.546e+06 1.676 37.52 0.5773 1.897
7 65 52 3.554 3.234 1.739e+06 1.688 39.3 0.6045 1.627
7 65 53 3.692 2.856 1.983e+06 1.704 40.48 0.6227 1.352
7 65 54 3.833 2.47 2.304e+06 1.724 42.84 0.6591 1.071
7 65 55 3.961 2.122 2.62e+06 1.764 44.32 0.6818 0.8164
7 65 56 4.106 1.723 3.23e+06 1.806 46.76 0.7194 0.5264
7 65 57 4.227 1.392 3.804e+06 1.886 49.21 0.7571 0.2853
7 65 58 4.23 1.385 2.848e+06 2.064 43.1 0.663 0.2804
7 65 59 4.221 1.412 2.005e+06 2.219 37.59 0.5784 0.2999
7 65 60 4.224 1.404 1.486e+06 2.327 33.93 0.5219 0.2937
7 65 61 4.221 1.412 1.097e+06 2.381 30.26 0.4655 0.2997
7 65 62 4.221 1.415 8.379e+05 2.383 28.07 0.4318 0.3023
7 65 63 4.224 1.408 6.669e+05 2.368 26.3 0.4045 0.2966
7 65 64 4.249 1.415 5.696e+05 2.365 25.11 0.3864 0.302
7 65 65 4.248 1.539 4.706e+05 2.31 23.68 0.3643 0.392
7 65 66 4.248 1.659 4.003e+05 2.268 22.54 0.3467 0.4793
7 65 67 4.248 1.786 3.474e+05 2.231 21.39 0.3292 0.5721
7 65 68 4.248 1.913 3.067e+05 2.2 20.82 0.3204 0.6646
7 65 69 4.248 2.038 2.744e+05 2.169 19.87 0.3056 0.7558
7 65 70 4.248 2.162 2.486e+05 2.15 19.34 0.2975 0.8457
7 65 71 4.248 2.284 2.274e+05 2.135 18.81 0.2893 0.9343
7 70 54 3.305 3.905 1.763e+06 1.668 39.14 0.5591 2.116
7 70 55 3.428 3.568 1.947e+06 1.677 40.41 0.5773 1.87
7 70 56 3.554 3.223 2.172e+06 1.688 42.32 0.6045 1.619
7 70 57 3.682 2.872 2.452e+06 1.702 43.59 0.6227 1.364
7 70 58 3.813 2.515 2.812e+06 1.721 45.5 0.65 1.103
7 70 59 3.93 2.195 3.146e+06 1.757 47.07 0.6724 0.8696
7 70 60 4.064 1.826 3.781e+06 1.792 49.7 0.71 0.6013
7 70 61 4.201 1.451 4.758e+06 1.842 52.99 0.7571 0.3285
7 70 62 4.223 1.392 3.947e+06 1.992 49.04 0.7006 0.2853
7 70 63 4.228 1.377 3.024e+06 2.147 43.78 0.6254 0.2745
7 70 64 4.221 1.399 2.191e+06 2.271 38.51 0.5502 0.2901
7 70 65 4.225 1.387 1.673e+06 2.355 35.22 0.5031 0.2817
7 70 66 4.224 1.392 1.276e+06 2.391 31.93 0.4561 0.2852
7 70 67 4.214 1.419 9.774e+05 2.373 29.59 0.4227 0.305
7 70 68 4.223 1.396 8.062e+05 2.362 27.68 0.3955 0.2879
7 70 69 4.238 1.443 6.863e+05 2.347 26.41 0.3773 0.3224
7 70 70 4.234 1.569 5.751e+05 2.296 25.5 0.3643 0.4139
7 70 71 4.248 1.66 5.054e+05 2.271 24.27 0.3467 0.4801
